-225.959 151.125 21.232 -165 0 0 1 1 1 1 
-279.10 89.229 21.232 -55 0 0 1 1 1 1 
-199 81 21.232 0 0 0 1 1 1 1
-116 69.62 21.232 -120 0 0 1 1 1 1
-87 159.9 21.232 90 0 0 1 1 1 1
-210.10 -69.5 21.232 0 0 0 1 1 1 1
-217 -141.757 21.232 0 0 0 1 1 1 1
-108 -227 21.232 -10 0 0 1 1 1 1
-75 -161.36 21.232 125 0 0 1 1 1 1
-110 -97.36 33.355 -180 1 0 0 1 1 1
90.771 -158.59 21.232 90 0 0 1 1 1 1 
121.00 -217.94 21.232 0 0 0 1 1 1 1 
140 -164.145 21.232 180 0 0 1 1 1 1 
283 -143.96 21.232 80 0 0 1 1 1 1 
277 -89.228 21.232 145 0 0 1 1 1 1 
68.89 173.9 21.232 60 0 0 1 1 1 1 
118 85.987 21.232 0 0 0 1 1 1 1 
216.8 82.1 21.232 45 0 0 1 1 1 1 
276 148.4 21.232 120 0 0 1 1 1 1 