3.57143 3 0
3.57143 3.14286 0
3.57143 4 0
3.57143 4.14286 0
3.57143 4.28571 0
3.57143 4.42857 0
3.57143 4.57143 0
3.71429 4.57143 0
3.71429 4.71429 0
3.71429 4.85714 0
3.71429 5 0
3.71429 5.14286 0
3.85714 5.42857 0
3.85714 5.85714 0
3.85714 6 0
3.85714 6.14286 0
4 6.14286 0
4 6.42857 0
4.14286 6.71429 0
4.28571 7.28571 0
4.42857 7.57143 0
4.57143 7.85714 0
4.71429 8.14286 0
5 8.71429 0
5 8.85714 0
5.14286 9 0
5.28571 9 0
5.28571 9.28571 0
5.28571 9.42857 0
5.42857 9.42857 0
5.42857 9.57143 0
5.57143 9.57143 0
5.57143 9.71429 0
5.71429 9.85714 0
5.71429 10 0
5.85714 10 0
5.85714 10.1429 0
6 10.1429 0
6 10.2857 0
6.14286 10.2857 0
6.14286 10.4286 0
6.28571 10.4286 0
6.28571 10.5714 0
6.57143 10.7143 0
6.71429 10.8571 0
6.85714 11 0
7 11.1429 0
7.14286 11.1429 0
7.14286 11.2857 0
7.28571 11.2857 0
7.42857 11.2857 0
7.42857 11.4286 0
7.57143 11.4286 0
7.71429 11.4286 0
7.71429 11.5714 0
7.85714 11.5714 0
7.85714 11.7143 0
8 11.7143 0
8.14286 11.7143 0
8.28571 11.7143 0
8.28571 11.8571 0
8.42857 11.8571 0
8.57143 11.8571 0
8.57143 12 0
8.85714 12 0
9 12.1429 0
9.14286 12.1429 0
9.28571 12.2857 0
9.42857 12.2857 0
9.57143 12.2857 0
9.71429 12.2857 0
9.85714 12.2857 0
10.1429 12.4286 0
10.7143 12.4286 0
11 12.4286 0
11.1429 12.4286 0
11.4286 12.4286 0
11.5714 12.4286 0
11.7143 12.5714 0
12 12.5714 0
12.1429 12.5714 0
12.2857 12.5714 0
12.5714 12.5714 0
13.2857 12.5714 0
13.5714 12.5714 0
13.7143 12.7143 0
13.8571 12.7143 0
14 12.7143 0
14.1429 12.7143 0
14.2857 12.7143 0
14.4286 12.7143 0
14.5714 12.8571 0
14.8571 12.8571 0
15 12.8571 0
15.1429 12.8571 0
15.2857 12.8571 0
15.4286 12.8571 0
15.5714 12.8571 0
15.7143 12.8571 0
16 12.8571 0
16.1429 12.8571 0
16.2857 12.8571 0
16.4286 12.8571 0
16.7143 12.8571 0
16.8571 12.8571 0
17 12.8571 0
17.1429 12.8571 0
17.2857 12.8571 0
17.4286 12.8571 0
17.5714 12.8571 0
17.7143 12.8571 0
17.8571 12.8571 0
18 12.8571 0
18.1429 12.8571 0
18.2857 12.8571 0
18.4286 12.8571 0
18.5714 12.8571 0
18.7143 12.8571 0
18.8571 12.8571 0
19 12.8571 0
19.1429 12.8571 0
19.2857 12.8571 0
19.4286 12.7143 0
19.5714 12.7143 0
19.7143 12.7143 0
19.8571 12.7143 0
20 12.7143 0
20.1429 12.7143 0
20.2857 12.7143 0
20.4286 12.7143 0
20.7143 12.7143 0
20.8571 12.7143 0
21 12.7143 0
21.1429 12.7143 0
21.2857 12.7143 0
21.4286 12.7143 0
21.5714 12.7143 0
21.7143 12.7143 0
21.8571 12.7143 0
22 12.7143 0
22.1429 12.7143 0
22.2857 12.7143 0
22.4286 12.7143 0
22.5714 12.7143 0
22.7143 12.7143 0
22.8571 12.7143 0
23 12.7143 0
23.1429 12.7143 0
23.2857 12.7143 0
23.4286 12.7143 0
23.5714 12.7143 0
23.7143 12.7143 0
23.8571 12.7143 0
24 12.7143 0
24.1429 12.7143 0
24.2857 12.7143 0
24.4286 12.7143 0
24.5714 12.7143 0
24.7143 12.7143 0
24.8571 12.7143 0
25 12.7143 0
25.1429 12.7143 0
25.2857 12.7143 0
25.4286 12.7143 0
25.5714 12.7143 0
25.7143 12.7143 0
25.8571 12.7143 0
26 12.7143 0
26.1429 12.7143 0
26.2857 12.7143 0
26.4286 12.7143 0
26.5714 12.7143 0
26.7143 12.7143 0
26.8571 12.7143 0
27 12.7143 0
27.1429 12.7143 0
27.2857 12.7143 0
27.4286 12.7143 0
27.5714 12.7143 0
27.7143 12.7143 0
27.8571 12.7143 0
28 12.7143 0
28.1429 12.7143 0
28.2857 12.5714 0
28.4286 12.5714 0
28.5714 12.5714 0
28.7143 12.5714 0
28.8571 12.5714 0
29 12.5714 0
29.1429 12.5714 0
29.2857 12.5714 0
29.4286 12.5714 0
29.5714 12.5714 0
29.7143 12.5714 0
29.8571 12.5714 0
30 12.5714 0
30.1429 12.5714 0
30.2857 12.5714 0
30.4286 12.5714 0
30.5714 12.5714 0
30.5714 12.4286 0
30.7143 12.4286 0
30.8571 12.4286 0
31 12.4286 0
31.1429 12.4286 0
31.2857 12.4286 0
31.4286 12.4286 0
31.5714 12.4286 0
31.7143 12.4286 0
31.8571 12.4286 0
32 12.4286 0
32.1429 12.4286 0
32.2857 12.4286 0
32.4286 12.4286 0
32.5714 12.5714 0
32.7143 12.5714 0
32.8571 12.5714 0
33 12.5714 0
33.1429 12.5714 0
33.2857 12.5714 0
33.4286 12.5714 0
33.5714 12.5714 0
33.7143 12.5714 0
33.8571 12.5714 0
34 12.5714 0
34.1429 12.5714 0
34.2857 12.5714 0
34.4286 12.5714 0
34.5714 12.5714 0
34.7143 12.5714 0
34.8571 12.5714 0
34.8571 12.7143 0
35 12.7143 0
35.1429 12.7143 0
35.2857 12.7143 0
35.4286 12.7143 0
35.5714 12.7143 0
35.7143 12.7143 0
35.8571 12.7143 0
36 12.7143 0
36.1429 12.7143 0
36.2857 12.7143 0
36.4286 12.7143 0
36.5714 12.7143 0
36.7143 12.7143 0
36.8571 12.7143 0
37 12.7143 0
37.1429 12.7143 0
37.2857 12.7143 0
37.4286 12.7143 0
37.5714 12.7143 0
37.7143 12.7143 0
37.8571 12.7143 0
38 12.7143 0
38.1429 12.7143 0
38.2857 12.7143 0
38.4286 12.7143 0
38.5714 12.7143 0
38.7143 12.7143 0
38.8571 12.7143 0
39 12.7143 0
39.1429 12.7143 0
39.2857 12.7143 0
39.4286 12.7143 0
39.5714 12.7143 0
39.7143 12.7143 0
39.8571 12.7143 0
40 12.7143 0
40.1429 12.7143 0
40.2857 12.7143 0
40.4286 12.7143 0
40.5714 12.7143 0
40.7143 12.7143 0
40.8571 12.7143 0
41 12.7143 0
41.1429 12.7143 0
41.2857 12.7143 0
41.4286 12.7143 0
41.5714 12.7143 0
41.7143 12.7143 0
41.8571 12.7143 0
42 12.7143 0
42.1429 12.7143 0
42.2857 12.7143 0
42.4286 12.7143 0
42.5714 12.7143 0
42.7143 12.7143 0
42.8571 12.7143 0
43 12.7143 0
43.1429 12.7143 0
43.2857 12.7143 0
43.4286 12.7143 0
43.5714 12.7143 0
43.7143 12.7143 0
43.8571 12.7143 0
44 12.7143 0
44.1429 12.7143 0
44.2857 12.7143 0
44.4286 12.7143 0
44.5714 12.7143 0
44.7143 12.7143 0
44.8571 12.7143 0
45 12.7143 0
45.1429 12.7143 0
45.2857 12.7143 0
45.4286 12.7143 0
45.5714 12.7143 0
45.7143 12.7143 0
45.8571 12.7143 0
46 12.7143 0
46.1429 12.7143 0
46.2857 12.7143 0
46.4286 12.7143 0
46.5714 12.7143 0
46.7143 12.7143 0
46.8571 12.7143 0
47 12.7143 0
47.1429 12.7143 0
47.2857 12.7143 0
47.4286 12.7143 0
47.5714 12.7143 0
47.7143 12.7143 0
47.8571 12.7143 0
48 12.7143 0
48.1429 12.7143 0
48.2857 12.7143 0
48.4286 12.7143 0
48.5714 12.7143 0
48.7143 12.7143 0
48.8571 12.7143 0
49 12.7143 0
49.1429 12.7143 0
49.2857 12.7143 0
49.4286 12.7143 0
49.5714 12.7143 0
49.7143 12.7143 0
49.8571 12.7143 0
50 12.7143 0
50.1429 12.7143 0
50.2857 12.7143 0
50.4286 12.7143 0
50.5714 12.7143 0
50.7143 12.7143 0
50.8571 12.7143 0
51 12.7143 0
51.1429 12.7143 0
51.2857 12.7143 0
51.4286 12.7143 0
51.5714 12.7143 0
51.7143 12.7143 0
51.8571 12.7143 0
52 12.7143 0
52.1429 12.7143 0
52.2857 12.7143 0
52.4286 12.7143 0
52.5714 12.7143 0
52.7143 12.7143 0
52.8571 12.7143 0
53 12.7143 0
53.1429 12.7143 0
53.2857 12.7143 0
53.4286 12.7143 0
53.5714 12.7143 0
53.7143 12.7143 0
53.8571 12.7143 0
54 12.7143 0
54.1429 12.7143 0
54.2857 12.7143 0
54.4286 12.7143 0
54.5714 12.7143 0
54.5714 12.8571 0
54.7143 12.8571 0
54.8571 12.8571 0
55 12.8571 0
55.1429 12.8571 0
55.1429 13 0
55.2857 13 0
55.4286 13 0
55.5714 13 0
55.7143 13 0
55.7143 13.1429 0
55.8571 13.1429 0
56 13.1429 0
56.1429 13.1429 0
56.2857 13.1429 0
56.2857 13.2857 0
56.4286 13.2857 0
56.5714 13.2857 0
56.7143 13.2857 0
56.7143 13.4286 0
56.8571 13.4286 0
57 13.4286 0
57.1429 13.4286 0
57.2857 13.4286 0
57.4286 13.4286 0
57.4286 13.5714 0
57.5714 13.5714 0
57.7143 13.5714 0
57.8571 13.5714 0
58 13.5714 0
58.1429 13.5714 0
58.2857 13.5714 0
58.4286 13.5714 0
58.5714 13.5714 0
58.7143 13.5714 0
58.8571 13.7143 0
59 13.7143 0
59.1429 13.7143 0
59.2857 13.7143 0
59.4286 13.7143 0
59.5714 13.7143 0
59.7143 13.7143 0
59.8571 13.7143 0
60 13.7143 0
60.1429 13.7143 0
60.2857 13.7143 0
60.4286 13.7143 0
60.5714 13.7143 0
60.7143 13.7143 0
60.8571 13.7143 0
61 13.7143 0
61.1429 13.7143 0
61.2857 13.7143 0
61.4286 13.7143 0
61.5714 13.7143 0
61.7143 13.7143 0
61.8571 13.7143 0
62 13.7143 0
62.1429 13.7143 0
62.2857 13.7143 0
62.2857 13.8571 0
62.4286 13.8571 0
62.5714 13.8571 0
62.7143 13.8571 0
62.8571 13.8571 0
63 13.8571 0
63.1429 13.8571 0
63.2857 13.8571 0
63.4286 13.8571 0
63.5714 13.8571 0
63.7143 13.8571 0
63.8571 13.8571 0
64 13.8571 0
64.1429 13.8571 0
64.2857 13.8571 0
64.4286 13.8571 0
64.5714 13.8571 0
64.7143 13.8571 0
64.7143 14 0
64.8571 14 0
65 14 0
65.1429 14 0
65.2857 14 0
65.4286 14 0
65.5714 14 0
65.7143 14 0
65.8571 14 0
66 14 0
66.1429 14 0
66.2857 14 0
66.4286 14 0
66.5714 14 0
66.7143 14 0
66.8571 14 0
67 14 0
67.1429 14 0
67.2857 14 0
67.4286 14 0
67.5714 14.1429 0
67.7143 14.1429 0
67.8571 14.1429 0
68 14.1429 0
68.1429 14.1429 0
68.2857 14.1429 0
68.4286 14.1429 0
68.5714 14.1429 0
68.7143 14.1429 0
68.8571 14.1429 0
69 14.1429 0
69.1429 14.1429 0
69.2857 14.1429 0
69.4286 14.1429 0
69.5714 14.1429 0
69.7143 14.1429 0
69.8571 14.1429 0
70 14.1429 0
70.1429 14.1429 0
70.2857 14.1429 0
70.4286 14.1429 0
70.5714 14.1429 0
70.7143 14.1429 0
70.8571 14.1429 0
71 14.1429 0
71.1429 14.1429 0
71.2857 14.1429 0
71.4286 14.1429 0
71.5714 14.1429 0
71.7143 14.1429 0
71.8571 14.1429 0
72 14.1429 0
72.1429 14.1429 0
72.2857 14.1429 0
72.4286 14.1429 0
72.5714 14.1429 0
72.7143 14.1429 0
72.8571 14.1429 0
73 14.1429 0
73.1429 14.1429 0
73.2857 14.1429 0
73.4286 14.1429 0
73.5714 14.1429 0
73.7143 14.1429 0
73.7143 14.2857 0
73.8571 14.2857 0
74 14.2857 0
74.1429 14.2857 0
74.1429 14.4286 0
74.2857 14.4286 0
74.4286 14.4286 0
74.5714 14.4286 0
74.5714 14.5714 0
74.7143 14.5714 0
74.7143 14.7143 0
74.8571 14.7143 0
75 14.7143 0
75.1429 14.7143 0
75.1429 14.8571 0
75.2857 14.8571 0
75.4286 14.8571 0
75.5714 14.8571 0
75.5714 15 0
75.7143 15 0
75.7143 15.1429 0
75.8571 15.2857 0
75.8571 15.4286 0
76 15.4286 0
76.1429 15.5714 0
76.1429 15.7143 0
76.1429 15.8571 0
76.2857 15.8571 0
76.2857 16 0
76.2857 16.1429 0
76.4286 16.1429 0
76.4286 16.2857 0
76.4286 16.4286 0
76.4286 16.5714 0
76.4286 16.7143 0
76.5714 16.7143 0
76.5714 16.8571 0
76.5714 17 0
76.5714 17.1429 0
76.5714 17.2857 0
76.5714 17.4286 0
76.5714 17.5714 0
76.5714 17.7143 0
76.5714 17.8571 0
76.5714 18 0
76.5714 18.1429 0
76.5714 18.2857 0
76.5714 18.4286 0
76.5714 18.5714 0
76.5714 18.7143 0
76.4286 18.8571 0
76.4286 19 0
76.4286 19.1429 0
76.4286 19.2857 0
76.2857 19.4286 0
76.2857 19.5714 0
76.2857 19.7143 0
76.1429 19.8571 0
76.1429 20 0
76.1429 20.1429 0
76 20.1429 0
76 20.2857 0
76 20.4286 0
76 20.5714 0
75.8571 20.5714 0
75.8571 20.7143 0
75.8571 20.8571 0
75.7143 20.8571 0
75.7143 21 0
75.7143 21.1429 0
75.5714 21.1429 0
75.5714 21.2857 0
75.4286 21.2857 0
75.4286 21.4286 0
75.4286 21.5714 0
75.2857 21.5714 0
75.2857 21.7143 0
75.1429 21.7143 0
75.1429 21.8571 0
75 21.8571 0
74.8571 22 0
74.7143 22 0
74.7143 22.1429 0
74.5714 22.2857 0
74.4286 22.2857 0
74.2857 22.2857 0
74.2857 22.4286 0
74.1429 22.4286 0
74.1429 22.5714 0
74 22.5714 0
73.8571 22.7143 0
73.8571 22.8571 0
73.7143 22.8571 0
73.5714 22.8571 0
73.4286 22.8571 0
73.4286 23 0
73.2857 23 0
73.1429 23 0
73 23.1429 0
72.8571 23.1429 0
72.7143 23.1429 0
72.7143 23.2857 0
72.5714 23.2857 0
72.4286 23.2857 0
72.2857 23.2857 0
72.2857 23.4286 0
72.1429 23.4286 0
72.1429 23.5714 0
72 23.5714 0
71.8571 23.5714 0
71.7143 23.5714 0
71.7143 23.7143 0
71.5714 23.7143 0
71.4286 23.7143 0
71.2857 23.7143 0
71.1429 23.8571 0
71 23.8571 0
70.8571 23.8571 0
70.7143 23.8571 0
70.5714 23.8571 0
70.4286 23.8571 0
70.2857 23.8571 0
70.1429 23.8571 0
70 23.8571 0
69.8571 23.8571 0
69.7143 23.8571 0
69.5714 23.8571 0
69.4286 23.8571 0
69.2857 23.8571 0
69.1429 23.8571 0
69 23.8571 0
68.8571 23.8571 0
68.7143 23.8571 0
68.5714 23.8571 0
68.4286 23.8571 0
68.2857 23.8571 0
68.1429 23.8571 0
68 23.8571 0
67.8571 23.8571 0
67.7143 23.8571 0
67.5714 23.8571 0
67.4286 23.8571 0
67.2857 23.8571 0
67.1429 23.8571 0
67 23.8571 0
66.8571 23.8571 0
66.5714 23.8571 0
66.4286 23.8571 0
66.4286 23.7143 0
66.2857 23.7143 0
66.1429 23.7143 0
66 23.7143 0
65.8571 23.7143 0
65.7143 23.7143 0
65.5714 23.7143 0
65.4286 23.7143 0
65.2857 23.7143 0
65.1429 23.7143 0
65.1429 23.5714 0
65 23.5714 0
64.8571 23.5714 0
64.7143 23.5714 0
64.5714 23.5714 0
64.5714 23.4286 0
64.4286 23.4286 0
64.2857 23.4286 0
64.1429 23.4286 0
64 23.4286 0
63.8571 23.4286 0
63.7143 23.4286 0
63.5714 23.4286 0
63.4286 23.4286 0
63.2857 23.4286 0
63.1429 23.4286 0
63 23.4286 0
62.8571 23.4286 0
62.7143 23.4286 0
62.5714 23.4286 0
62.4286 23.4286 0
62.2857 23.4286 0
62.1429 23.4286 0
62 23.4286 0
61.8571 23.4286 0
61.7143 23.4286 0
61.5714 23.4286 0
61.4286 23.4286 0
61.2857 23.4286 0
61.1429 23.4286 0
61 23.4286 0
60.8571 23.4286 0
60.7143 23.4286 0
60.5714 23.4286 0
60.4286 23.4286 0
60.2857 23.4286 0
60.1429 23.4286 0
60 23.4286 0
59.8571 23.4286 0
59.7143 23.4286 0
59.5714 23.4286 0
59.4286 23.4286 0
59.2857 23.4286 0
59.1429 23.4286 0
59 23.4286 0
58.8571 23.4286 0
58.7143 23.4286 0
58.5714 23.4286 0
58.4286 23.4286 0
58.2857 23.4286 0
58.1429 23.4286 0
58 23.4286 0
57.8571 23.4286 0
57.7143 23.4286 0
57.5714 23.4286 0
57.4286 23.4286 0
57.2857 23.4286 0
57.1429 23.4286 0
57 23.4286 0
57 23.5714 0
56.8571 23.5714 0
56.7143 23.5714 0
56.5714 23.5714 0
56.4286 23.5714 0
56.2857 23.5714 0
56.1429 23.5714 0
56.1429 23.7143 0
56 23.7143 0
55.8571 23.7143 0
55.7143 23.7143 0
55.7143 23.8571 0
55.5714 23.8571 0
55.4286 23.8571 0
55.2857 23.8571 0
55.2857 24 0
55.1429 24 0
55.1429 24.1429 0
55 24.1429 0
55 24.2857 0
54.8571 24.2857 0
54.7143 24.4286 0
54.5714 24.5714 0
54.5714 24.7143 0
54.4286 24.7143 0
54.4286 24.8571 0
54.4286 25 0
54.2857 25 0
54.1429 25.1429 0
54.1429 25.2857 0
54.1429 25.4286 0
54 25.4286 0
54 25.5714 0
53.8571 25.7143 0
53.8571 25.8571 0
53.8571 26 0
53.7143 26 0
53.7143 26.1429 0
53.5714 26.2857 0
53.5714 26.4286 0
53.5714 26.5714 0
53.5714 26.7143 0
53.4286 26.8571 0
53.4286 27 0
53.4286 27.1429 0
53.4286 27.2857 0
53.4286 27.4286 0
53.4286 27.5714 0
53.4286 27.7143 0
53.4286 27.8571 0
53.4286 28 0
53.4286 28.1429 0
53.4286 28.2857 0
53.4286 28.4286 0
53.2857 28.4286 0
53.2857 28.5714 0
53.2857 28.7143 0
53.2857 28.8571 0
53.2857 29 0
53.2857 29.1429 0
53.2857 29.2857 0
53.2857 29.4286 0
53.2857 29.5714 0
53.1429 29.5714 0
53.1429 29.7143 0
53.1429 29.8571 0
53 30 0
53 30.1429 0
53 30.2857 0
53 30.4286 0
53 30.5714 0
52.8571 30.5714 0
52.8571 30.7143 0
52.8571 30.8571 0
52.8571 31 0
52.7143 31 0
52.7143 31.1429 0
52.7143 31.2857 0
52.7143 31.4286 0
52.7143 31.5714 0
52.5714 31.7143 0
52.5714 31.8571 0
52.4286 31.8571 0
52.4286 32 0
52.4286 32.1429 0
52.2857 32.1429 0
52.2857 32.2857 0
52.2857 32.4286 0
52.2857 32.5714 0
52.1429 32.5714 0
52.1429 32.7143 0
52.1429 32.8571 0
52 32.8571 0
52 33 0
52 33.1429 0
51.8571 33.1429 0
51.8571 33.2857 0
51.8571 33.4286 0
51.8571 33.5714 0
51.7143 33.5714 0
51.7143 33.7143 0
51.7143 33.8571 0
51.7143 34 0
51.5714 34 0
51.5714 34.1429 0
51.5714 34.2857 0
51.5714 34.4286 0
51.4286 34.4286 0
51.4286 34.5714 0
51.2857 34.7143 0
51.2857 34.8571 0
51.2857 35 0
51.1429 35 0
51.1429 35.1429 0
51.1429 35.2857 0
51.1429 35.4286 0
51 35.4286 0
51 35.5714 0
50.8571 35.7143 0
50.8571 35.8571 0
50.8571 36 0
50.7143 36 0
50.7143 36.1429 0
50.5714 36.1429 0
50.5714 36.2857 0
50.5714 36.4286 0
50.5714 36.5714 0
50.4286 36.7143 0
50.4286 36.8571 0
50.2857 36.8571 0
50.2857 37 0
50.2857 37.1429 0
50.2857 37.2857 0
50.1429 37.2857 0
50.1429 37.4286 0
50 37.4286 0
50 37.5714 0
50 37.7143 0
50 37.8571 0
49.8571 38 0
49.8571 38.1429 0
49.8571 38.2857 0
49.8571 38.4286 0
49.7143 38.4286 0
49.7143 38.5714 0
49.7143 38.7143 0
49.5714 38.8571 0
49.5714 39 0
49.4286 39 0
49.4286 39.1429 0
49.4286 39.2857 0
49.4286 39.4286 0
49.2857 39.4286 0
49.2857 39.5714 0
49.2857 39.7143 0
49.1429 39.7143 0
49.1429 39.8571 0
49.1429 40 0
49.1429 40.1429 0
49 40.1429 0
48.8571 40.2857 0
48.8571 40.4286 0
48.7143 40.5714 0
48.7143 40.7143 0
48.5714 40.7143 0
48.5714 40.8571 0
48.4286 40.8571 0
48.4286 41 0
48.2857 41 0
48.2857 41.1429 0
48.1429 41.1429 0
48.1429 41.2857 0
48 41.4286 0
48 41.5714 0
47.8571 41.5714 0
47.7143 41.5714 0
47.7143 41.7143 0
47.7143 41.8571 0
47.5714 41.8571 0
47.5714 42 0
47.4286 42 0
47.4286 42.1429 0
47.2857 42.1429 0
47.1429 42.1429 0
47.1429 42.2857 0
47.1429 42.4286 0
47 42.4286 0
47 42.5714 0
46.8571 42.5714 0
46.8571 42.7143 0
46.7143 42.7143 0
46.7143 42.8571 0
46.7143 43 0
46.5714 43 0
46.4286 43 0
46.4286 43.1429 0
46.2857 43.1429 0
46.2857 43.2857 0
46.1429 43.2857 0
46 43.4286 0
45.8571 43.4286 0
45.8571 43.5714 0
45.7143 43.5714 0
45.7143 43.7143 0
45.5714 43.7143 0
45.4286 43.7143 0
45.4286 43.8571 0
45.2857 43.8571 0
45.1429 44 0
45 44.1429 0
44.8571 44.1429 0
44.7143 44.1429 0
44.7143 44.2857 0
44.5714 44.2857 0
44.4286 44.2857 0
44.4286 44.4286 0
44.2857 44.4286 0
44.1429 44.4286 0
44 44.5714 0
43.8571 44.5714 0
43.8571 44.7143 0
43.7143 44.7143 0
43.5714 44.7143 0
43.5714 44.8571 0
43.4286 44.8571 0
43.2857 44.8571 0
43.1429 45 0
43 45 0
42.8571 45.1429 0
42.7143 45.2857 0
42.5714 45.2857 0
42.4286 45.2857 0
42.4286 45.4286 0
42.2857 45.4286 0
42.1429 45.4286 0
42 45.4286 0
42 45.5714 0
41.8571 45.5714 0
41.7143 45.5714 0
41.7143 45.7143 0
41.5714 45.7143 0
41.4286 45.7143 0
41.2857 45.7143 0
41.2857 45.8571 0
41.1429 45.8571 0
41 45.8571 0
41 46 0
40.8571 46 0
40.7143 46 0
40.5714 46 0
40.4286 46.1429 0
40.2857 46.1429 0
40.1429 46.1429 0
40 46.1429 0
39.8571 46.2857 0
39.7143 46.2857 0
39.5714 46.2857 0
39.4286 46.2857 0
39.4286 46.4286 0
39.2857 46.4286 0
39.1429 46.4286 0
39.1429 46.5714 0
39 46.5714 0
38.8571 46.5714 0
38.7143 46.5714 0
38.5714 46.5714 0
38.4286 46.7143 0
38.2857 46.7143 0
38.1429 46.7143 0
38 46.7143 0
37.8571 46.7143 0
37.7143 46.7143 0
37.5714 46.8571 0
37.4286 46.8571 0
37.2857 46.8571 0
37.1429 46.8571 0
37 46.8571 0
36.5714 47 0
36.2857 47.1429 0
36.1429 47.1429 0
36 47.1429 0
35.8571 47.1429 0
35.7143 47.2857 0
35.5714 47.2857 0
35.4286 47.2857 0
35.2857 47.2857 0
35.1429 47.2857 0
35 47.2857 0
35 47.4286 0
34.7143 47.4286 0
34.5714 47.4286 0
34.4286 47.4286 0
34.1429 47.5714 0
34 47.5714 0
33.5714 47.7143 0
33.4286 47.7143 0
33.2857 47.7143 0
33 47.8571 0
32.8571 47.8571 0
32.5714 48 0
32.2857 48 0
32.1429 48 0
32 48 0
31.7143 48.1429 0
31.5714 48.2857 0
31.4286 48.2857 0
31.1429 48.2857 0
31 48.4286 0
30.8571 48.4286 0
30.7143 48.4286 0
30.5714 48.4286 0
30.5714 48.5714 0
30.4286 48.5714 0
30.2857 48.5714 0
30.1429 48.5714 0
30.1429 48.7143 0
30 48.7143 0
29.8571 48.7143 0
29.8571 48.8571 0
29.7143 48.8571 0
29.5714 48.8571 0
29.4286 48.8571 0
29.2857 48.8571 0
29.1429 48.8571 0
29 48.8571 0
28.8571 48.8571 0
28.8571 49 0
28.7143 49 0
28.5714 49 0
28.4286 49 0
28.2857 49 0
28.1429 49 0
28 49.1429 0
27.8571 49.1429 0
27.7143 49.1429 0
27.5714 49.1429 0
27.4286 49.1429 0
27.2857 49.1429 0
27.1429 49.1429 0
27 49.1429 0
26.8571 49.1429 0
26.7143 49.1429 0
26.5714 49.2857 0
26.4286 49.2857 0
26.2857 49.2857 0
26.1429 49.2857 0
26 49.4286 0
25.8571 49.4286 0
25.7143 49.4286 0
25.5714 49.4286 0
25.2857 49.4286 0
25.1429 49.4286 0
24.7143 49.4286 0
24.5714 49.4286 0
24.4286 49.4286 0
24.2857 49.5714 0
24.1429 49.5714 0
24 49.5714 0
23.8571 49.5714 0
23.7143 49.5714 0
23.5714 49.5714 0
23.4286 49.5714 0
23.2857 49.5714 0
23.1429 49.7143 0
22.8571 49.7143 0
22.7143 49.7143 0
22.5714 49.7143 0
22.2857 49.7143 0
21.7143 49.8571 0
21.2857 50 0
20.8571 50 0
20.5714 50.1429 0
20.1429 50.1429 0
19.5714 50.2857 0
18.8571 50.4286 0
18.1429 50.5714 0
17.2857 50.8571 0
16.4286 51 0
14.7143 51.4286 0
14.4286 51.4286 0
14.1429 51.5714 0
13.5714 51.5714 0
12.8571 51.7143 0
12.1429 51.8571 0
11.8571 51.8571 0
11.5714 52 0
11.2857 52 0
11.1429 52 0
11 52 0
10.8571 52 0
10.7143 52 0
10.5714 52 0
10.4286 52 0
10.2857 52 0
10.1429 52 0
10 52.1429 0
9.85714 52.1429 0
9.57143 52.1429 0
9.42857 52.1429 0
9.28571 52.1429 0
9.14286 52.1429 0
9 52.1429 0
8.85714 52.1429 0
8.71429 52.1429 0
8.57143 52.1429 0
8.42857 52.1429 0
8.28571 52.1429 0
8.14286 52.1429 0
8 52.1429 0
7.85714 52.1429 0
7.71429 52 0
7.57143 51.8571 0
7.42857 51.8571 0
7.28571 51.8571 0
7.28571 51.7143 0
7.14286 51.7143 0
7 51.7143 0
6.85714 51.7143 0
6.85714 51.5714 0
6.71429 51.5714 0
6.57143 51.5714 0
6.42857 51.5714 0
6.28571 51.4286 0
6 51.2857 0
5.85714 51.2857 0
5.71429 51.2857 0
5.71429 51.1429 0
5.42857 51.1429 0
5.28571 51.1429 0
5.28571 51 0
5.14286 51 0
5 51 0
4.85714 51 0
4.85714 50.8571 0
4.71429 50.7143 0
4.57143 50.7143 0
4.42857 50.7143 0
4.28571 50.5714 0
4.14286 50.5714 0
4.14286 50.4286 0
4 50.4286 0
3.85714 50.2857 0
3.85714 50.1429 0
3.71429 50.1429 0
3.71429 50 0
3.57143 50 0
3.57143 49.8571 0
3.57143 49.7143 0
3.42857 49.5714 0
3.42857 49.4286 0
3.42857 49.2857 0
3.28571 49.2857 0
3.28571 49 0
3.14286 48.8571 0
3 48.7143 0
3 48.5714 0
3 48.4286 0
3 48.2857 0
3 48.1429 0
3 48 0
2.85714 48 0
2.85714 47.8571 0
2.85714 47.7143 0
2.85714 47.5714 0
2.85714 47.4286 0
2.85714 47.2857 0
2.85714 47.1429 0
2.85714 47 0
2.85714 46.8571 0
2.85714 46.5714 0
2.85714 46.4286 0
2.85714 46.2857 0
2.85714 46.1429 0
2.85714 46 0
2.85714 45.8571 0
2.85714 45.7143 0
2.85714 45.5714 0
2.85714 45.4286 0
2.85714 45.2857 0
2.85714 45.1429 0
2.85714 45 0
2.85714 44.8571 0
2.85714 44.7143 0
2.85714 44.5714 0
2.85714 44.4286 0
2.85714 44.2857 0
2.85714 44.1429 0
2.85714 44 0
2.85714 43.8571 0
2.85714 43.7143 0
2.85714 43.4286 0
2.85714 43.2857 0
2.85714 43.1429 0
2.85714 43 0
2.85714 42.8571 0
2.85714 42.7143 0
2.85714 42.5714 0
2.85714 42.4286 0
2.85714 42.1429 0
2.85714 42 0
2.85714 41.8571 0
2.85714 41.7143 0
2.85714 41.5714 0
2.85714 41.4286 0
2.85714 41.2857 0
2.85714 41.1429 0
3 41 0
3 40.5714 0
3.14286 40.4286 0
3.14286 40.1429 0
3.28571 39.7143 0
3.28571 39.2857 0
3.42857 38.8571 0
3.42857 38.4286 0
3.57143 38.2857 0
3.71429 38 0
3.71429 37.7143 0
3.71429 37.4286 0
3.71429 37.1429 0
3.85714 37.1429 0
3.85714 37 0
3.85714 36.8571 0
3.85714 36.7143 0
3.85714 36.5714 0
4 36.4286 0
4 36.2857 0
4 36.1429 0
4 36 0
4 35.8571 0
4.14286 35.4286 0
4.28571 35 0
4.42857 34.8571 0
4.42857 34.7143 0
4.42857 34.5714 0
4.57143 34.4286 0
4.57143 34.2857 0
4.57143 34.1429 0
4.57143 34 0
4.71429 34 0
4.71429 33.8571 0
4.71429 33.7143 0
4.71429 33.5714 0
4.71429 33.4286 0
4.85714 33.4286 0
5 33.2857 0
5 33.1429 0
5 33 0
5 32.8571 0
5.14286 32.8571 0
5.14286 32.7143 0
5.14286 32.4286 0
5.28571 32.2857 0
5.28571 32.1429 0
5.42857 32.1429 0
5.42857 31.8571 0
5.57143 31.8571 0
5.57143 31.7143 0
5.57143 31.5714 0
5.71429 31.5714 0
5.71429 31.2857 0
5.85714 31.1429 0
5.85714 31 0
6 31 0
6 30.8571 0
6.14286 30.7143 0
6.14286 30.5714 0
6.28571 30.4286 0
6.28571 30.2857 0
6.42857 30.2857 0
6.57143 30.1429 0
6.71429 30 0
6.85714 29.8571 0
6.85714 29.7143 0
7 29.7143 0
7.14286 29.5714 0
7.28571 29.4286 0
7.42857 29.2857 0
7.71429 29.1429 0
7.85714 28.8571 0
8.14286 28.7143 0
8.28571 28.5714 0
8.42857 28.4286 0
8.57143 28.2857 0
8.85714 28.1429 0
9.14286 28 0
9.42857 28 0
9.42857 27.8571 0
9.71429 27.7143 0
9.85714 27.5714 0
10.1429 27.4286 0
10.5714 27.1429 0
10.8571 27.1429 0
11 27 0
11.1429 27 0
11.4286 26.8571 0
11.5714 26.7143 0
11.7143 26.5714 0
12 26.5714 0
12 26.4286 0
12.1429 26.4286 0
12.2857 26.4286 0
12.2857 26.2857 0
12.4286 26.2857 0
12.5714 26.2857 0
12.7143 26.2857 0
12.7143 26.1429 0
12.8571 26.1429 0
13 26.1429 0
13.1429 26.1429 0
13.2857 26 0
13.4286 26 0
13.4286 25.8571 0
13.5714 25.8571 0
13.7143 25.8571 0
13.8571 25.8571 0
14 25.8571 0
14.1429 25.8571 0
14.2857 25.8571 0
14.4286 25.8571 0
14.5714 25.7143 0
14.7143 25.7143 0
14.8571 25.7143 0
15 25.7143 0
15.1429 25.7143 0
15.2857 25.7143 0
15.4286 25.7143 0
15.5714 25.7143 0
15.7143 25.7143 0
15.8571 25.7143 0
16 25.7143 0
16.1429 25.7143 0
16.2857 25.7143 0
16.4286 25.7143 0
16.5714 25.7143 0
16.7143 25.7143 0
16.8571 25.7143 0
17 25.7143 0
17.2857 25.7143 0
17.4286 25.7143 0
17.5714 25.7143 0
17.7143 25.7143 0
17.8571 25.7143 0
18.1429 25.7143 0
18.2857 25.7143 0
18.5714 25.7143 0
18.7143 25.7143 0
18.8571 25.7143 0
19.1429 25.7143 0
19.4286 25.8571 0
19.7143 25.8571 0
20 26 0
20.1429 26 0
20.2857 26 0
20.5714 26 0
20.7143 26 0
20.8571 26 0
21 26.1429 0
21.2857 26.1429 0
21.5714 26.1429 0
21.7143 26.1429 0
22.1429 26.2857 0
22.2857 26.2857 0
22.8571 26.2857 0
23.2857 26.4286 0
23.5714 26.4286 0
23.7143 26.4286 0
24 26.5714 0
24.1429 26.5714 0
24.4286 26.7143 0
24.5714 26.7143 0
24.7143 26.7143 0
24.8571 26.7143 0
25.1429 26.8571 0
25.2857 26.8571 0
25.4286 26.8571 0
25.5714 26.8571 0
25.7143 26.8571 0
25.7143 27 0
25.8571 27 0
26 27 0
26.1429 27 0
26.1429 27.1429 0
26.2857 27.1429 0
26.2857 27.2857 0
26.4286 27.2857 0
26.5714 27.2857 0
26.5714 27.4286 0
26.7143 27.4286 0
26.8571 27.4286 0
26.8571 27.5714 0
27 27.5714 0
27 27.7143 0
27 27.8571 0
27.1429 27.8571 0
27.1429 28 0
27.2857 28 0
27.4286 28.1429 0
27.4286 28.2857 0
27.5714 28.4286 0
27.5714 28.5714 0
27.7143 28.7143 0
27.7143 29 0
27.8571 29 0
28 29.1429 0
28 29.2857 0
28.1429 29.4286 0
28.1429 29.5714 0
28.1429 29.7143 0
28.2857 29.8571 0
28.2857 30.1429 0
28.4286 30.2857 0
28.5714 30.2857 0
28.5714 30.4286 0
28.5714 30.7143 0
28.7143 30.8571 0
28.7143 31 0
28.7143 31.1429 0
28.8571 31.1429 0
28.8571 31.4286 0
29.1429 32 0
29.1429 32.1429 0
29.1429 32.2857 0
29.2857 32.4286 0
29.2857 32.5714 0
29.2857 32.7143 0
29.2857 32.8571 0
29.4286 33.1429 0
29.4286 33.2857 0
29.4286 33.4286 0
29.7143 34 0
29.7143 34.2857 0
29.7143 34.4286 0
29.8571 34.5714 0
29.8571 34.8571 0
29.8571 35 0
29.8571 35.1429 0
29.8571 35.2857 0
29.8571 35.5714 0
29.8571 35.7143 0
30 35.8571 0
30 36 0
30 36.1429 0
30 36.2857 0
30 36.4286 0
30 36.5714 0
30.1429 36.7143 0
30.1429 36.8571 0
30.1429 37 0
30.2857 37 0
30.2857 37.2857 0
30.2857 37.4286 0
30.2857 37.5714 0
30.2857 37.7143 0
30.2857 37.8571 0
30.2857 38.1429 0
30.2857 38.4286 0
30.2857 38.7143 0
30.2857 38.8571 0
30.2857 39.1429 0
30.2857 39.2857 0
30.2857 39.5714 0
30.4286 39.5714 0
30.4286 39.7143 0
30.4286 39.8571 0
30.4286 40 0
30.4286 40.1429 0
30.4286 40.2857 0
30.4286 40.4286 0
30.4286 40.5714 0
30.4286 40.7143 0
30.4286 40.8571 0
30.4286 41 0
30.5714 41 0
30.5714 41.1429 0
30.5714 41.2857 0
30.5714 41.4286 0
30.5714 41.5714 0
30.5714 41.7143 0
30.5714 41.8571 0
30.5714 42 0
30.5714 42.1429 0
30.5714 42.2857 0
30.5714 42.4286 0
30.5714 42.5714 0
30.5714 42.7143 0
30.5714 42.8571 0
30.5714 43 0
30.5714 43.1429 0
30.5714 43.2857 0
30.5714 43.4286 0
30.5714 43.5714 0
30.5714 43.7143 0
30.5714 43.8571 0
30.5714 44 0
30.5714 44.1429 0
30.5714 44.2857 0
30.5714 44.4286 0
30.5714 44.5714 0
30.5714 44.7143 0
30.5714 45 0
30.5714 45.1429 0
30.5714 45.2857 0
30.5714 45.4286 0
30.5714 45.5714 0
30.5714 45.7143 0
30.5714 45.8571 0
30.5714 46 0
30.5714 46.1429 0
30.5714 46.2857 0
30.5714 46.4286 0
30.5714 46.5714 0
30.5714 46.7143 0
30.5714 46.8571 0
30.5714 47 0
30.5714 47.1429 0
30.5714 47.2857 0
30.5714 47.4286 0
30.5714 47.5714 0
30.5714 47.7143 0
30.5714 47.8571 0
30.5714 48 0
30.5714 48.1429 0
30.5714 48.2857 0
30.5714 48.4286 0
30.5714 48.5714 0
30.5714 48.7143 0
30.5714 48.8571 0
30.5714 49 0
30.5714 49.1429 0
30.5714 49.2857 0
30.5714 49.4286 0
30.5714 49.5714 0
30.5714 49.7143 0
30.5714 49.8571 0
30.7143 49.8571 0
30.7143 50 0
30.7143 50.1429 0
30.7143 50.4286 0
30.7143 50.8571 0
30.7143 51 0
30.7143 51.1429 0
30.8571 51.1429 0
30.8571 51.4286 0
30.8571 51.5714 0
30.8571 51.7143 0
30.8571 52 0
30.8571 52.1429 0
30.8571 52.2857 0
30.8571 52.4286 0
30.8571 52.5714 0
30.8571 52.7143 0
30.8571 53 0
30.8571 53.1429 0
30.8571 53.4286 0
30.8571 53.5714 0
30.8571 53.7143 0
30.8571 53.8571 0
30.8571 54 0
30.8571 54.1429 0
31 54.1429 0
31 54.4286 0
31 54.5714 0
31 54.7143 0
31 54.8571 0
31 55 0
31 55.1429 0
31 55.2857 0
31 55.4286 0
31 55.5714 0
31 55.7143 0
31 55.8571 0
31 56 0
31 56.1429 0
31 56.2857 0
31 56.4286 0
31 56.5714 0
31 56.7143 0
31 56.8571 0
31 57 0
31 57.1429 0
31 57.2857 0
31 57.4286 0
31 57.5714 0
31.1429 57.5714 0
31.1429 57.7143 0
31.1429 57.8571 0
31.1429 58 0
31.1429 58.1429 0
31.1429 58.2857 0
31.1429 58.4286 0
31.1429 58.5714 0
31.2857 58.7143 0
31.2857 58.8571 0
31.2857 59 0
31.2857 59.1429 0
31.4286 59.1429 0
31.4286 59.2857 0
31.4286 59.4286 0
31.4286 59.5714 0
31.4286 59.7143 0
31.4286 59.8571 0
31.4286 60 0
31.4286 60.1429 0
31.4286 60.2857 0
31.5714 60.4286 0
31.5714 60.5714 0
31.5714 60.7143 0
31.5714 60.8571 0
31.5714 61 0
31.5714 61.1429 0
31.5714 61.2857 0
31.7143 61.4286 0
31.7143 61.5714 0
31.7143 61.7143 0
31.7143 61.8571 0
31.7143 62 0
31.7143 62.1429 0
31.7143 62.2857 0
31.7143 62.4286 0
31.7143 62.5714 0
31.7143 62.7143 0
31.8571 62.8571 0
31.8571 63 0
31.8571 63.1429 0
31.8571 63.2857 0
31.8571 63.4286 0
31.8571 63.5714 0
31.8571 63.7143 0
31.8571 63.8571 0
31.8571 64 0
31.8571 64.1429 0
31.8571 64.2857 0
31.8571 64.4286 0
31.8571 64.7143 0
32 65 0
32 65.1429 0
32 65.2857 0
32 65.4286 0
32 65.5714 0
32 65.7143 0
32 65.8571 0
32 66 0
32 66.1429 0
32 66.2857 0
32 66.4286 0
32 66.5714 0
32 66.7143 0
32 66.8571 0
32 67 0
32 67.1429 0
32 67.2857 0
32 67.4286 0
32 67.5714 0
32 67.7143 0
32 67.8571 0
32 68 0
32 68.1429 0
32 68.2857 0
32 68.4286 0
32 68.5714 0
32 68.7143 0
32 68.8571 0
32.1429 68.8571 0
32.1429 69 0
32.1429 69.1429 0
32.1429 69.2857 0
32.1429 69.4286 0
32.1429 69.5714 0
32.1429 69.7143 0
32.1429 69.8571 0
32.1429 70 0
32.1429 70.1429 0
32.1429 70.2857 0
32.1429 70.4286 0
32.1429 70.5714 0
32.1429 70.7143 0
32.1429 70.8571 0
32 71.2857 0
32 71.4286 0
32 71.5714 0
32 71.7143 0
32 71.8571 0
32 72 0
32 72.1429 0
32 72.2857 0
32 72.4286 0
32 72.5714 0
32 72.7143 0
32 72.8571 0
32 73 0
32 73.1429 0
32 73.2857 0
32 73.4286 0
32 73.5714 0
32 73.7143 0
32 73.8571 0
32 74 0
32 74.1429 0
32 74.2857 0
32 74.4286 0
32 74.5714 0
32 74.7143 0
32.1429 74.7143 0
32.1429 74.8571 0
32.1429 75 0
32.1429 75.1429 0
32.1429 75.2857 0
32.1429 75.4286 0
32.1429 75.5714 0
32.1429 75.7143 0
32.1429 75.8571 0
32.2857 75.8571 0
32.2857 76 0
32.2857 76.1429 0
32.2857 76.2857 0
32.2857 76.4286 0
32.2857 76.5714 0
32.4286 76.5714 0
32.4286 76.7143 0
32.4286 76.8571 0
32.4286 77 0
32.4286 77.1429 0
32.4286 77.2857 0
32.4286 77.4286 0
32.5714 77.4286 0
32.5714 77.5714 0
32.7143 77.5714 0
32.7143 77.7143 0
32.7143 77.8571 0
32.7143 78 0
32.8571 78 0
32.8571 78.1429 0
33 78.1429 0
33 78.2857 0
33.1429 78.2857 0
33.1429 78.4286 0
33.2857 78.4286 0
33.2857 78.5714 0
33.4286 78.5714 0
33.4286 78.7143 0
33.5714 78.7143 0
33.7143 78.7143 0
33.8571 78.7143 0
33.8571 78.8571 0
34 78.8571 0
34.1429 78.8571 0
34.2857 78.8571 0
34.4286 78.8571 0
34.5714 78.8571 0
34.5714 79 0
34.7143 79 0
34.8571 79 0
35 79 0
35 79.1429 0
35.1429 79.1429 0
35.2857 79.1429 0
35.4286 79.1429 0
35.5714 79.1429 0
35.5714 79.2857 0
35.7143 79.2857 0
35.8571 79.2857 0
35.8571 79.4286 0
36 79.4286 0
36.1429 79.4286 0
36.2857 79.4286 0
36.4286 79.4286 0
